698.460
698.460
698.460
698.460
1396.91
1396.91
1396.91
1396.91
1046.50
1046.50
1046.50
1046.50
1046.50
1046.50
1046.50
1046.50
932.330
932.330
932.330
932.330
1396.91
1396.91
1396.91
1396.91
698.460
698.460
698.460
698.460
698.460
698.460
698.460
698.460
698.460
698.460
698.460
698.460
880.000
880.000
880.000
880.000
1760.00
1760.00
1760.00
1760.00
1760.00
1760.00
1864.66
1864.66
1760.00
1760.00
1760.00
1760.00
1396.91
1396.91
1396.91
1396.91
1174.66
932.330
880.000
698.460
587.330
523.250
466.160
466.160
698.460
698.460
698.460
698.460
1396.91
1396.91
1396.91
1396.91
1046.50
1046.50
1046.50
1046.50
1046.50
1046.50
1046.50
1046.50
932.330
932.330
932.330
932.330
1396.91
1396.91
1396.91
1396.91
698.460
698.460
698.460
698.460
698.460
698.460
698.460
698.460
698.460
698.460
698.460
698.460
880.000
880.000
880.000
880.000
1760.00
1760.00
1760.00
1760.00
1760.00
1760.00
1975.53
1975.53
1760.00
1760.00
1760.00
1760.00
1396.91
1396.91
1396.91
1396.91
1174.66
1174.66
1174.66
1174.66
293.660
261.630
233.080
220.000
349.232
349.232
349.232
349.232
698.460
698.460
698.460
698.460
523.250
523.250
523.250
523.250
523.250
523.250
523.250
523.250
466.160
466.160
466.160
466.160
698.460
698.460
349.230
349.230
349.230
349.230
349.230
349.230
349.230
349.230
349.230
349.230
349.230
349.230
440.000
440.000
440.000
440.000
880.000
880.000
880.000
880.000
880.000
880.000
932.330
932.330
880.000
880.000
880.000
880.000
698.460
698.460
698.460
698.460
466.160
1174.66
1046.50
698.460
587.330
523.250
466.160
349.230